0 -1.76979 0.0661903 0.872 0.707045 -0.00936135 -0.707045 -0.00936135
1 -1.92351 -0.391149 0.872 0.659762 -0.25439 -0.659762 -0.25439
2 -2.31797 -0.863832 0.872 0.624811 -0.331077 -0.624811 -0.331077
3 -2.78543 -1.13656 0.872 0.53285 -0.464834 -0.53285 -0.464834
4 -3.397 -1.22983 0.872 0.502136 -0.497855 -0.502136 -0.497855
5 -3.90526 -1.12281 0.872 -0.307691 0.636652 0.307691 0.636652
6 -4.49011 -0.798706 0.872 -0.365605 0.605255 0.365605 0.605255
7 -4.69605 -0.412993 0.872 -0.0658981 0.704029 0.0658981 0.704029
8 -4.81512 0.13496 0.872 0.0828637 0.702235 -0.0828637 0.702235
9 -4.73432 0.732511 0.872 0.163857 0.68786 -0.163857 0.68786
10 -4.39046 1.21588 0.872 0.227042 0.669665 -0.227042 0.669665
11 -3.94291 1.5692 0.872 0.347022 0.616097 -0.347022 0.616097
12 -3.46212 1.70617 0.872 0.495735 0.504229 -0.495735 0.504229
13 -2.88489 1.69226 0.872 0.544551 0.45107 -0.544551 0.45107
14 -2.37952 1.45021 0.872 0.606496 0.363541 -0.606496 0.363541
15 -2.06675 1.02357 0.872 0.676414 0.206067 -0.676414 0.206067
16 -1.89958 0.507127 0.872 0.705997 0.0395931 -0.705997 0.0395931
